705.77
719.77
719.77
719.77
719.77
719.77
719.77
719.77
719.77
719.77
719.77
719.77
719.77
719.77
719.77
719.77
719.77
719.77
719.77
719.77
719.77
719.77
719.77
719.77
719.77
719.77
719.77
719.77
719.77
719.77
719.77
719.77
719.77
719.77
719.77
719.77
719.77
719.77
719.77
719.77
719.77
719.77
719.77
719.77
719.77
719.77
719.77
719.77
719.77
719.77
719.77
719.77
719.77
719.77
719.77
719.77
719.77
719.77
719.77
719.77
719.77
719.77
719.77
719.77
719.77
719.77
719.77
719.77
719.77
719.77
719.77
719.77
719.77
719.77
719.77
719.77
719.77
719.77
719.77
719.77
719.77
719.77
719.77
719.77
719.77
719.77
719.77
719.77
719.77
719.77
