702.28
702.27
702.31
702.32
702.32
702.33
702.29
702.27
702.29
702.25
702.25
702.25
702.26
702.26
702.29
702.26
702.28
702.25
702.25
702.25
702.29
702.28
702.28
702.29
702.3
702.26
702.22
702.23
702.26
702.22
702.28
702.36
702.42
702.46
702.54
702.61
702.55
702.6
702.6
702.6
702.6
702.6
702.6
702.6
702.6
702.6
702.6
702.6
702.6
702.6
702.6
702.6
702.6
702.6
702.6
702.6
702.6
702.6
702.6
702.6
702.6
702.6
702.6
702.6
702.6
702.6
702.6
702.6
702.6
702.6
702.6
702.6
702.6
702.6
702.6
702.6
702.6
702.6
702.6
702.6
702.6
702.6
702.6
702.6
702.6
702.6
702.6
702.6
702.6
702.6
702.6
702.6
702.6
702.6
702.6
702.6
702.6
702.6
702.6
702.6
702.6
702.6
702.6
702.6
702.6
702.6
702.6
702.6
702.6
702.6
702.6
702.6
702.6
702.6
702.6
702.6
702.6
702.6
702.6
702.6
702.6
702.6
702.6
702.6
702.6
702.6
702.6
702.6
702.6
702.6
702.6
702.6
702.6
702.6
702.6
702.6
702.6
702.6
702.6
702.6
702.6
702.6
702.6
702.6
702.6
702.6
702.6
702.6
702.6
702.6
702.6
702.6
702.6
702.6
702.6
702.6
702.6
702.6
702.6
702.6
702.6
702.6
702.6
702.6
702.6
702.6
702.6
702.6
702.6
702.6
702.6
702.6
702.6
702.6
702.6
702.6
702.6
702.6
702.6
702.6
702.54
702.52
702.52
703.2
703.02
702.86
702.82
702.86
702.88
702.92
702.86
702.94
703.02
702.98
703.04
703.0
702.88
702.9
702.92
703.02
703.02
703.08
702.98
703.0
702.92
702.9
702.9
702.9
703.0
703.06
703.06
703.06
702.98
703.02
703.02
703.02
703.1
703.1
703.08
703.1
703.06
703.04
702.94
703.14
703.18
703.2
703.2
703.2
703.2
703.2
703.2
703.2
703.2
703.2
703.2
703.2
703.2
703.2
703.2
703.2
